EB 90 24 00 00 00 00 00 00 00 00 00 00 00 00 9F 00 00 00 00 00 00 00 00 00 00 00 00 00 00 00 00
CMD::STOP

EB 90 24 9C FF 00 00 00 00 00 00 00 00 00 00 3A 00 00 00 00 00 00 00 00 00 00 00 00 00 00 00 00
CMD::LEFT

EB 90 24 64 00 00 00 00 00 00 00 00 00 00 00 03 00 00 00 00 00 00 00 00 00 00 00 00 00 00 00 00
CMD::RIGHT

EB 90 24 00 00 64 00 00 00 00 00 00 00 00 00 03 00 00 00 00 00 00 00 00 00 00 00 00 00 00 00 00
CMD::UP

EB 90 24 00 00 9C FF 00 00 00 00 00 00 00 00 3A 00 00 00 00 00 00 00 00 00 00 00 00 00 00 00 00
CMD::DOWN

EB 90 03 00 00 00 00 00 00 00 00 00 00 00 00 7E 00 00 00 00 00 00 00 00 00 00 00 00 00 00 00 00
CMD::INFRA

EB 90 01 00 00 00 00 00 00 00 00 00 00 00 00 7C 00 00 00 00 00 00 00 00 00 00 00 00 00 00 00 00
CMD::TV

EB 90 25 00 00 00 00 00 C4 00 00 00 00 00 00 64 00 00 00 00 00 00 00 00 00 00 00 00 00 00 00 00
CMD::ZOOM_MINUS

EB 90 25 00 00 00 00 00 3C 00 00 00 00 00 00 DC 00 00 00 00 00 00 00 00 00 00 00 00 00 00 00 00
CMD::ZOOM_PLUS

EB 90 2B 00 00 00 00 00 00 00 00 00 00 00 00 A6 00 00 00 00 00 00 00 00 00 00 00 00 00 00 00 00
CMD::TO_CENTRE

EB 90 0D 00 00 00 00 00 00 00 00 00 00 00 00 88 00 00 00 00 00 00 00 00 00 00 00 00 00 00 00 00
CMD::TRACKING_START

EB 90 0E 00 00 00 00 00 00 00 00 00 00 00 00 89 00 00 00 00 00 00 00 00 00 00 00 00 00 00 00 00
CMD::TRACKING_STOP



